16
13 5 4 10 16 14 15 8 9 1 3 7 2 11 12 6
11 15 14 10 7 6 13 1 4 16 9 12 2 8 3 5
15 9 16 1 5 12 6 4 11 8 14 13 7 10 2 3
9 1 10 5 15 13 8 11 12 7 16 4 6 3 14 2
2 5 7 1 11 8 6 4 12 13 3 14 10 15 9 16
6 16 2 12 11 10 8 5 9 4 15 7 14 13 1 3
5 12 13 11 3 6 7 8 15 2 4 10 9 14 16 1
5 1 2 13 9 6 3 16 4 11 15 10 14 8 12 7
14 9 13 16 2 5 15 8 6 4 12 10 11 3 7 1
5 16 10 1 6 12 15 3 7 2 4 8 13 9 11 14
3 10 11 13 6 4 7 16 12 8 1 5 2 9 14 15
5 7 13 14 15 12 10 4 16 1 11 9 2 3 8 6
1 8 5 7 11 6 15 3 13 12 14 16 10 9 4 2
14 12 5 3 7 8 1 13 15 6 10 16 9 11 4 2
6 11 4 9 2 12 1 10 13 5 7 15 14 3 16 8
1 8 11 12 4 6 2 14 5 13 3 9 16 10 7 15
5 1 12 10 13 14 9 3 11 15 16 4 8 6 7 2
10 11 13 1 2 3 14 15 7 5 4 9 6 12 8 16
1 3 8 16 10 4 14 11 12 7 13 9 15 5 2 6
3 6 7 11 14 1 2 4 13 9 15 10 12 16 5 8
10 14 6 7 12 15 1 13 4 5 11 2 8 3 9 16
9 14 7 11 6 2 10 4 12 5 13 15 3 1 16 8
11 2 1 7 4 14 9 5 13 3 12 8 10 6 16 15
14 8 16 5 13 3 1 4 7 9 2 15 11 6 10 12
15 6 10 5 4 8 3 16 13 1 2 12 9 14 7 11
5 7 6 3 1 11 9 12 15 14 10 2 13 8 4 16
10 3 8 12 16 11 9 7 6 14 1 2 4 13 15 5
2 6 5 9 10 11 8 4 14 1 12 15 7 13 16 3
9 10 2 3 15 14 4 8 12 16 1 5 11 6 13 7
11 16 7 9 14 6 15 12 5 13 1 8 2 4 3 10
13 5 4 3 1 2 8 15 9 14 7 6 11 16 10 12
8 11 4 5 16 6 3 9 1 10 13 7 2 14 12 15
