32
27 26 14 7 15 6 28 23 4 30 29 18 20 24 10 3 1 9 19 16 32 13 21 17 25 5 8 11 31 2 22 12
13 21 26 10 19 12 20 6 18 28 7 29 9 31 5 22 8 16 15 2 23 4 11 17 25 30 1 24 32 14 27 3
26 16 5 24 21 22 30 9 32 6 10 7 18 11 8 15 2 12 20 28 23 1 31 17 4 3 27 14 25 29 13 19
17 13 2 6 12 11 3 28 20 16 15 9 18 24 27 19 14 29 22 10 32 1 26 30 7 5 21 4 23 25 31 8
14 12 29 31 21 3 7 15 25 1 2 23 18 6 9 28 32 20 19 27 11 17 16 4 22 26 24 5 13 10 8 30
29 17 1 20 9 11 10 22 16 26 28 15 14 21 31 18 3 13 12 4 32 8 6 2 24 27 25 23 19 7 30 5
27 9 3 6 31 29 15 4 24 28 22 5 7 16 23 12 10 21 11 17 1 32 18 25 2 13 14 26 19 8 20 30
6 17 7 23 15 2 1 24 27 22 19 11 10 31 5 32 9 12 13 14 20 3 4 18 25 29 26 16 21 28 8 30
22 32 8 31 7 17 12 24 2 9 19 18 26 10 13 28 29 4 27 30 5 15 11 3 25 14 16 6 1 23 20 21
30 15 6 13 11 8 21 18 26 24 32 20 10 29 7 28 3 9 22 27 2 1 12 25 23 14 4 17 19 16 5 31
6 30 2 13 16 12 3 14 19 29 7 31 25 15 20 18 11 28 17 32 26 9 4 5 8 22 23 27 21 24 1 10
3 25 10 11 5 12 8 15 21 27 19 7 9 1 13 24 2 32 29 30 16 6 17 4 23 31 22 28 18 14 26 20
8 23 19 7 20 16 2 10 3 14 32 17 5 18 29 27 11 13 28 12 25 31 21 1 24 22 4 26 9 15 30 6
20 5 8 27 17 30 13 16 19 6 23 9 15 26 10 29 22 2 1 28 3 18 32 12 11 31 14 25 21 4 7 24
31 3 27 25 10 13 14 21 12 32 7 29 23 11 30 17 22 15 19 6 16 20 24 26 1 28 18 9 4 5 8 2
6 26 29 4 15 23 7 20 11 8 31 2 19 27 5 28 21 14 32 30 16 12 9 1 10 18 13 3 22 24 17 25
20 6 26 17 8 1 9 3 2 25 22 16 7 5 15 32 30 4 23 21 12 29 14 11 28 19 18 10 27 24 31 13
25 20 9 4 26 24 31 27 15 8 16 14 11 32 13 23 2 28 6 7 10 5 30 21 18 1 29 12 3 17 19 22
29 17 8 20 12 16 1 3 31 5 6 18 32 7 26 27 25 15 30 22 21 10 11 19 24 4 9 14 28 23 13 2
16 4 17 18 1 25 5 28 6 19 30 15 26 13 10 32 9 20 11 21 8 24 22 3 14 7 31 29 2 23 27 12
1 3 25 9 4 19 10 27 18 15 16 17 22 28 6 14 23 26 24 8 2 20 7 11 12 13 29 5 31 32 30 21
14 31 2 8 3 22 10 25 24 6 11 15 13 12 1 16 29 21 30 28 20 5 18 23 32 7 17 4 9 19 26 27
8 6 23 19 31 15 11 4 28 9 10 7 3 14 1 32 5 12 27 18 21 24 17 2 16 13 25 29 20 22 30 26
26 32 8 29 16 3 18 20 24 23 14 15 28 4 27 22 12 7 31 2 30 11 10 5 25 9 13 17 21 1 19 6
1 11 21 31 18 2 6 9 32 13 24 28 4 22 12 19 16 8 7 26 17 25 10 29 20 5 14 23 27 3 30 15
29 26 21 31 17 3 20 23 14 19 7 9 30 6 10 27 32 2 15 11 13 8 1 18 25 24 4 22 12 5 28 16
26 11 10 19 7 2 28 9 27 20 5 12 1 8 6 17 13 25 22 32 31 4 23 15 18 16 3 30 21 29 14 24
17 1 2 20 13 8 21 18 23 27 4 19 6 14 32 30 25 10 11 29 24 7 22 31 5 12 15 16 28 3 9 26
13 30 26 27 19 31 16 7 6 32 2 24 15 18 25 23 8 29 3 9 20 1 4 10 28 17 21 12 22 11 14 5
9 16 6 31 11 1 4 21 20 15 24 14 3 12 27 25 10 19 13 2 5 29 7 22 28 17 30 32 26 8 23 18
22 7 18 3 27 6 16 1 14 31 17 10 26 30 32 23 21 5 15 29 2 8 20 24 25 9 4 13 12 11 19 28
11 25 20 2 18 5 22 16 12 31 24 19 32 1 29 26 21 10 17 7 9 8 27 28 6 14 23 3 13 30 15 4
28 9 6 3 12 10 27 15 24 20 7 11 4 5 26 30 2 16 32 19 18 31 17 23 22 21 8 13 14 25 1 29
10 30 7 25 22 3 8 31 21 13 6 28 26 9 15 32 20 2 5 17 19 14 11 24 23 16 1 29 27 12 4 18
14 15 5 18 28 23 17 4 9 24 31 8 19 29 11 6 30 3 32 26 22 7 2 12 16 27 1 21 10 20 25 13
9 26 19 15 3 8 30 10 16 28 25 14 12 24 21 5 2 29 1 11 7 32 17 13 23 4 31 18 20 22 27 6
2 20 32 7 13 25 14 26 18 24 31 29 3 16 30 21 8 6 28 19 17 1 4 23 9 11 5 15 10 27 22 12
23 5 13 25 29 26 14 16 21 10 1 2 18 30 8 28 6 24 17 22 19 20 11 3 7 15 4 32 9 27 31 12
6 2 24 5 9 21 8 28 11 18 29 10 16 20 4 12 7 27 3 25 17 1 15 22 23 26 31 19 30 14 13 32
26 9 18 4 1 25 20 27 8 10 19 6 32 17 2 13 16 7 15 23 5 31 22 3 29 11 12 28 21 14 30 24
4 22 14 6 15 28 9 20 17 21 13 8 25 26 32 3 31 16 7 12 27 24 2 5 23 30 11 10 19 18 1 29
28 30 6 26 21 29 22 24 10 7 3 12 9 25 14 1 15 2 17 4 32 23 27 19 5 8 13 20 18 11 31 16
28 22 2 16 19 1 5 18 29 17 8 21 9 11 6 31 20 4 14 25 32 30 26 10 3 7 13 23 15 27 12 24
7 21 17 28 30 20 4 25 29 19 22 12 26 5 18 32 11 3 2 13 10 14 15 6 23 27 1 9 8 16 31 24
4 15 18 10 6 1 9 13 32 16 19 12 14 30 27 22 29 23 31 7 5 2 20 24 3 11 26 25 8 28 21 17
14 25 6 24 7 13 3 27 30 1 10 29 17 12 22 11 5 20 9 18 16 2 8 15 4 32 23 28 31 19 26 21
25 12 19 5 24 6 32 16 26 2 10 14 17 13 11 23 15 29 9 20 27 1 28 8 30 22 21 18 7 4 3 31
27 18 25 15 5 11 4 1 23 24 14 31 30 8 13 20 10 17 6 28 9 19 21 29 16 3 26 2 22 7 12 32
10 13 6 29 15 21 11 28 30 20 32 25 12 1 8 9 31 14 3 18 2 7 4 17 5 26 27 23 24 19 16 22
31 18 11 24 23 4 13 3 19 12 14 26 5 6 9 30 16 7 28 15 20 25 21 32 1 8 22 29 27 10 17 2
7 11 29 10 30 17 14 25 8 24 6 20 26 23 15 3 12 22 27 16 5 28 32 19 31 9 13 18 21 1 4 2
1 13 4 23 18 11 15 19 9 21 12 26 29 17 32 24 7 10 2 14 3 16 27 31 8 25 30 22 20 28 5 6
14 32 16 10 23 31 15 29 6 27 18 30 28 19 26 2 21 3 5 8 17 11 24 7 1 20 4 13 25 22 9 12
7 27 16 5 12 1 11 20 10 31 17 28 32 24 6 29 2 30 14 8 21 9 23 26 25 3 18 4 13 15 22 19
3 7 8 6 19 27 32 30 11 20 1 25 14 12 28 18 24 9 31 15 17 10 22 29 26 13 23 21 4 2 16 5
29 3 16 21 7 6 5 26 19 30 17 2 27 23 15 13 32 20 22 18 1 31 25 4 28 24 8 12 9 11 14 10
29 5 12 16 8 6 14 11 4 1 28 21 13 7 3 2 26 15 17 27 32 31 19 30 24 9 18 10 22 20 23 25
12 20 25 17 1 26 29 24 22 7 2 19 10 9 15 30 27 32 5 28 8 14 23 16 31 4 13 11 6 18 3 21
15 16 9 3 2 17 13 29 4 30 31 10 12 5 20 28 19 1 24 22 18 26 7 21 25 14 27 11 23 8 6 32
24 15 5 8 18 1 30 20 27 6 26 29 7 3 9 31 14 23 16 19 17 22 25 4 12 21 2 32 13 10 11 28
16 23 5 3 21 9 1 6 8 2 27 28 14 32 7 15 25 30 13 31 19 20 24 26 22 4 29 10 12 11 17 18
4 6 28 10 7 24 16 12 5 32 17 2 15 26 9 11 20 13 31 1 18 3 27 30 8 25 29 19 14 23 21 22
24 15 5 8 23 13 29 11 9 10 17 26 16 31 2 27 7 3 32 21 28 14 18 1 22 4 19 6 25 30 20 12
4 16 1 5 21 7 11 23 32 6 10 27 9 18 28 17 20 29 25 30 2 15 19 22 12 8 24 13 3 31 14 26
