64
16 25 53 44 28 37 54 20 24 2 58 15 59 62 60 7 4 12 33 1 22 35 29 23 48 47 61 40 17 56 6 3 30 31 8 42 10 32 13 50 55 14 41 34 39 27 26 43 51 18 64 46 9 49 57 38 52 36 63 21 5 45 11 19
42 16 18 35 12 2 63 53 49 60 4 31 6 7 38 37 21 55 1 46 8 32 36 25 59 44 17 5 33 24 51 48 56 22 20 14 58 61 62 10 64 23 27 47 54 29 9 15 57 28 45 52 11 43 26 50 41 39 3 19 40 30 34 13
16 4 63 31 41 22 24 19 51 54 34 8 11 50 26 6 62 33 64 57 47 10 25 3 53 44 35 39 46 7 42 29 18 56 30 61 40 43 49 23 55 21 59 20 12 58 32 52 36 38 27 48 13 28 1 2 9 17 14 37 15 5 60 45
22 49 3 55 33 40 9 1 26 32 63 59 62 30 18 6 61 2 54 38 36 10 50 5 14 29 57 27 48 45 37 39 44 31 8 20 19 51 42 46 34 64 60 28 47 35 53 17 13 21 4 43 23 7 15 25 58 24 41 12 16 56 52 11
36 24 59 28 18 55 63 29 52 10 8 57 6 38 4 37 62 13 7 21 1 30 27 60 2 41 39 34 46 47 23 61 42 20 25 45 12 58 16 11 64 50 44 51 3 15 35 49 53 19 5 26 43 9 17 40 14 31 54 22 32 56 33 48
47 58 59 61 45 52 48 38 21 9 6 49 23 24 60 20 56 17 37 28 7 25 51 43 2 29 30 33 14 55 35 64 39 3 54 62 32 1 16 42 40 53 31 4 19 22 10 41 11 50 27 63 57 46 44 15 26 18 12 8 36 34 5 13
30 5 43 28 49 26 11 21 31 25 51 15 20 12 6 19 22 48 52 33 9 37 4 62 47 56 32 59 44 10 17 60 57 34 58 16 38 18 63 3 42 24 23 13 7 46 35 50 64 8 54 14 55 53 40 41 2 39 27 61 29 36 1 45
20 40 25 28 41 1 39 43 58 21 18 16 8 30 11 13 24 62 64 46 29 31 60 3 49 4 2 26 51 57 35 17 55 59 47 48 23 22 53 34 52 27 37 19 5 6 61 32 7 9 10 12 45 33 63 42 38 44 56 14 54 50 36 15
57 48 7 30 31 55 46 11 9 8 44 61 28 29 12 62 52 54 1 36 42 27 45 25 3 38 4 21 26 60 17 24 6 41 10 34 53 39 50 59 51 56 33 40 18 49 47 14 43 64 2 15 37 23 32 5 19 35 58 13 22 63 16 20
2 43 37 54 18 14 21 27 23 62 24 34 52 15 17 20 16 19 51 31 46 60 45 13 4 35 26 30 10 38 64 3 32 47 5 40 11 25 53 57 55 42 22 63 58 50 41 8 49 28 44 39 12 48 59 9 36 6 7 1 29 56 61 33
57 2 41 20 1 15 37 47 4 14 51 42 56 24 29 64 30 60 25 38 9 54 11 7 49 5 21 43 35 40 62 3 23 50 58 13 53 52 36 12 48 61 33 26 39 10 17 31 59 45 46 28 55 19 6 27 18 16 8 44 63 22 34 32
38 7 3 39 12 10 45 60 18 30 63 42 16 56 44 48 27 61 24 52 13 55 49 58 35 9 54 37 47 33 40 21 29 23 53 1 20 43 64 31 51 46 50 34 14 11 62 26 8 5 19 25 59 41 32 17 4 2 28 6 36 22 57 15
31 57 51 13 20 63 15 28 48 52 44 3 1 55 25 43 30 53 59 60 6 49 5 22 32 45 42 24 62 35 10 23 2 33 17 14 61 11 46 36 27 29 58 19 12 54 41 18 50 34 37 47 4 8 56 21 39 9 38 26 64 16 7 40
17 62 14 10 35 27 11 32 2 34 22 56 42 37 39 29 1 24 55 9 16 33 58 45 38 49 63 43 61 51 13 44 18 6 19 30 4 26 60 31 36 46 48 15 50 20 64 59 23 21 54 8 53 7 57 41 40 47 5 3 28 25 12 52
34 49 1 4 32 2 63 11 45 28 24 41 27 53 36 56 47 52 30 17 54 40 18 55 25 21 19 46 58 10 14 13 38 7 43 12 23 8 5 39 35 62 60 3 61 51 20 15 42 29 44 59 26 37 50 48 22 9 33 57 6 16 31 64
43 51 2 56 61 8 50 17 47 48 63 33 64 62 58 45 44 29 9 41 20 35 40 13 7 25 54 5 31 19 27 32 42 30 14 28 57 39 23 3 22 1 36 34 12 11 59 4 18 38 10 6 49 16 60 21 53 37 52 26 46 15 55 24
19 62 57 34 22 18 4 44 23 9 63 30 8 40 10 59 54 13 7 55 14 51 50 11 6 16 37 48 53 52 42 33 60 47 41 32 56 25 38 17 31 3 58 1 46 20 43 64 45 28 49 27 12 2 61 26 15 24 35 5 39 29 36 21
61 50 53 34 24 48 15 17 51 37 62 45 20 14 52 54 35 44 5 58 39 38 31 29 8 7 47 33 30 18 57 41 16 21 59 22 55 12 26 63 32 2 60 36 13 28 46 64 56 19 40 25 1 49 23 6 43 4 10 9 3 27 11 42
40 15 20 16 64 56 14 2 3 57 60 26 17 49 45 35 21 42 22 59 6 1 10 23 58 61 52 30 51 47 11 44 29 55 12 62 18 63 19 7 27 54 13 31 34 37 32 41 24 38 39 8 33 46 53 9 50 28 5 43 36 4 48 25
57 26 54 64 62 25 56 47 6 40 35 10 33 8 60 28 31 17 39 58 20 24 63 21 32 30 29 18 14 45 51 23 16 7 36 37 5 34 43 42 2 4 19 38 48 12 55 50 52 41 59 11 49 61 46 1 27 13 9 15 53 22 3 44
41 43 38 53 13 7 63 24 26 15 56 50 21 5 57 51 40 22 8 54 14 11 64 42 45 35 48 17 23 59 18 44 47 12 62 29 6 52 28 61 10 3 27 2 46 34 36 37 58 32 1 60 9 55 20 16 19 4 31 30 25 39 49 33
35 34 18 10 3 58 61 13 21 40 60 1 19 2 14 30 36 45 25 32 64 51 5 55 59 23 53 26 27 50 16 56 11 47 31 54 33 24 62 17 7 4 43 37 42 48 49 44 39 46 52 8 41 22 12 28 38 9 15 57 63 6 29 20
64 40 11 4 12 57 36 22 62 63 13 58 52 32 53 43 6 24 56 37 30 7 35 39 19 20 49 9 3 38 27 41 44 21 1 28 48 18 46 8 5 59 61 26 50 29 33 51 15 25 23 10 34 60 17 2 47 31 14 16 55 42 54 45
4 30 37 56 38 50 31 54 26 57 59 20 13 43 7 15 49 24 53 8 42 17 22 32 11 33 5 10 51 40 46 16 29 36 45 60 55 64 63 12 1 6 34 2 58 14 19 3 47 41 23 21 25 62 39 28 18 27 9 48 61 35 52 44
18 23 60 61 3 45 51 21 28 63 8 54 14 41 22 6 17 9 57 50 11 48 13 7 64 42 49 25 59 55 27 32 29 47 34 38 58 10 4 20 36 1 5 31 52 37 35 53 33 12 19 46 39 26 16 44 43 30 40 56 2 15 24 62
38 21 31 32 51 63 2 59 50 18 10 48 23 15 20 46 54 5 3 57 13 4 36 33 56 26 42 14 64 7 8 43 60 61 16 55 53 17 11 34 19 1 45 37 29 24 40 9 47 12 58 25 62 6 44 22 30 39 41 27 49 35 52 28
23 58 47 33 4 49 14 13 41 50 16 21 19 32 29 54 48 31 1 22 35 2 20 45 40 12 63 27 37 17 5 25 43 44 46 8 51 53 60 24 36 64 18 34 62 56 10 6 9 7 61 30 42 38 28 11 26 39 59 55 3 15 52 57
29 21 54 32 39 7 59 20 8 37 45 36 25 51 9 15 50 60 27 5 57 30 4 31 13 22 63 23 28 34 18 33 61 11 19 3 44 64 58 41 14 62 2 17 46 35 26 1 16 24 43 47 10 49 12 42 52 55 38 48 56 6 40 53
7 12 9 21 35 10 52 53 43 31 41 24 20 48 46 36 16 34 4 32 60 54 37 44 3 18 58 1 26 15 55 49 50 30 13 62 19 38 51 11 14 57 39 29 45 8 6 25 42 59 22 5 40 47 17 33 23 64 27 56 61 28 63 2
1 26 56 51 30 6 24 55 52 27 39 28 9 8 57 47 61 23 34 25 60 43 14 37 21 2 49 48 18 58 20 54 40 41 22 36 29 42 4 12 44 64 10 16 63 46 35 53 7 5 3 32 59 15 38 31 62 45 33 17 50 11 13 19
50 35 49 26 24 34 59 41 46 32 6 19 55 42 44 4 38 30 2 8 36 43 16 22 10 61 14 57 12 21 1 5 58 18 48 27 60 20 17 31 56 15 28 33 3 9 62 25 53 37 54 52 63 64 13 11 23 45 47 29 51 40 39 7
21 18 31 8 41 43 25 53 45 19 7 40 26 60 13 36 35 15 48 1 27 49 38 17 56 30 23 12 32 2 16 52 44 58 37 9 6 64 55 57 20 34 5 29 22 10 28 24 46 62 14 3 59 54 4 63 33 61 39 51 47 42 50 11
35 21 54 61 33 52 42 18 25 14 27 19 46 32 30 28 26 43 13 56 44 1 24 17 38 5 23 64 49 48 20 59 47 31 9 63 45 57 36 58 37 4 22 34 53 15 40 50 51 12 7 16 6 2 55 29 39 60 8 3 62 10 11 41
16 52 59 30 54 31 38 46 35 23 40 58 20 3 22 43 39 12 48 33 18 11 60 50 41 21 4 27 10 9 51 13 5 1 56 47 53 32 36 26 63 6 61 25 29 19 44 42 7 15 64 2 8 37 49 24 14 55 62 28 57 45 17 34
39 61 58 14 10 24 3 38 11 5 15 49 17 32 27 47 20 7 28 42 59 21 35 63 46 51 31 60 6 45 16 30 12 2 55 50 53 48 44 1 23 64 62 22 57 33 26 36 29 34 56 54 9 18 19 37 8 25 4 43 52 13 41 40
48 4 26 6 12 41 9 13 32 63 28 42 52 53 30 18 11 47 22 5 54 21 51 2 15 10 38 60 57 61 20 55 64 25 3 37 19 17 23 7 27 50 59 34 56 33 45 36 16 29 49 35 62 40 1 46 24 14 58 39 43 44 8 31
53 3 18 51 64 50 16 19 41 14 34 8 57 42 23 20 54 36 2 48 9 39 35 12 32 45 28 30 46 21 22 40 43 27 5 61 6 29 11 10 4 49 37 56 63 58 26 62 60 55 1 13 47 17 44 59 38 33 52 15 31 25 24 7
30 3 57 51 36 56 15 17 45 27 39 13 34 43 40 38 6 60 14 21 11 2 24 25 12 26 19 44 10 20 8 55 29 31 18 49 5 61 9 7 46 54 28 37 59 58 62 63 4 53 48 47 42 1 50 32 23 35 41 64 33 16 52 22
58 33 62 11 17 57 56 30 49 54 24 55 1 22 43 16 13 42 15 50 41 5 4 46 7 48 52 20 31 21 34 59 9 29 44 64 27 60 6 51 2 35 19 32 25 47 53 18 38 40 28 14 23 61 39 12 26 36 10 37 3 63 8 45
57 40 23 17 45 30 50 13 34 9 31 1 5 22 27 28 14 58 16 44 18 38 26 24 46 7 4 51 48 2 32 6 25 36 8 43 59 49 47 54 29 21 12 20 11 33 3 39 53 37 56 10 52 19 41 55 63 35 62 64 42 61 15 60
39 49 41 50 26 20 38 53 13 55 6 14 22 12 60 25 61 8 16 7 44 32 46 11 33 10 52 35 48 42 1 37 23 19 57 63 31 21 29 64 9 62 18 5 56 43 30 4 51 24 40 47 17 36 58 54 59 28 2 34 27 45 3 15
41 61 34 20 16 23 32 31 28 13 19 54 48 3 29 15 38 6 17 52 21 43 36 18 59 4 39 56 33 10 44 45 1 42 24 53 57 51 12 9 26 14 8 37 58 35 22 62 55 5 46 60 25 49 50 64 2 40 47 30 63 7 11 27
63 14 10 19 16 59 64 52 50 40 25 4 55 30 17 58 33 44 56 38 54 21 1 53 7 62 29 15 48 45 8 46 24 47 5 9 20 61 11 28 12 60 2 35 32 26 41 34 51 18 57 42 31 23 37 22 27 36 39 13 3 43 6 49
5 8 46 48 15 21 64 17 11 22 39 35 37 58 23 2 10 50 51 7 16 49 42 9 61 12 20 4 25 45 44 29 53 43 56 33 38 55 36 40 24 14 27 52 26 3 28 54 62 47 18 1 30 6 63 60 59 34 32 41 13 57 19 31
8 1 22 56 21 29 36 14 13 23 28 46 60 49 15 16 5 63 38 39 57 35 2 48 59 61 44 53 62 30 34 52 9 31 19 32 7 3 26 42 64 47 37 43 11 41 25 40 27 51 6 17 12 54 20 24 45 50 18 10 33 58 55 4
2 49 17 9 37 3 19 21 63 52 62 6 18 31 60 45 14 47 4 42 57 34 39 5 36 54 13 58 53 43 24 28 35 32 27 23 1 25 33 50 29 26 41 51 16 12 38 15 59 20 64 56 10 11 7 40 46 8 30 44 48 61 22 55
13 63 62 53 18 31 20 14 21 44 35 5 7 22 26 45 40 59 10 32 17 49 43 3 60 42 2 1 38 8 64 46 9 6 51 52 39 61 24 47 50 58 57 55 15 54 56 37 25 19 48 11 33 23 36 12 29 4 30 16 34 28 27 41
57 48 53 21 5 7 64 36 29 33 37 42 62 60 6 40 61 45 54 50 28 8 43 46 63 34 10 59 52 14 47 51 15 20 22 39 23 2 1 41 38 31 35 24 32 18 11 27 25 30 17 26 49 19 9 12 16 13 44 3 58 56 4 55
23 54 17 7 38 39 19 20 48 53 18 24 22 64 43 26 25 8 9 14 60 62 5 45 31 37 1 36 35 27 51 34 32 56 4 28 12 16 63 59 21 49 2 29 33 58 11 3 40 6 44 61 47 15 50 55 52 46 42 41 10 30 57 13
40 55 7 32 12 19 47 34 36 33 30 56 48 35 61 38 27 37 57 23 13 52 9 3 53 18 15 8 28 54 21 25 60 44 5 59 62 43 51 10 2 22 1 49 17 42 20 31 26 29 11 39 50 64 46 14 4 24 16 45 58 63 6 41
64 34 54 11 20 59 1 26 2 47 5 23 35 52 6 36 41 16 45 18 44 8 38 27 42 9 57 22 43 31 15 60 32 56 49 7 62 14 29 10 37 61 51 28 58 39 50 53 24 25 33 63 55 19 30 40 46 21 13 12 3 48 17 4
57 24 34 27 19 28 45 3 10 14 63 29 6 54 2 26 23 25 37 51 9 5 40 46 18 38 7 47 59 42 64 41 62 53 55 4 21 20 12 30 43 61 48 22 50 44 35 1 32 58 56 8 16 15 36 52 11 39 33 17 13 31 60 49
60 8 35 26 57 5 49 32 7 48 54 27 45 47 31 37 36 19 52 6 58 30 23 62 24 2 44 51 39 40 9 25 56 13 61 12 1 29 14 4 41 53 33 28 17 15 10 20 3 21 64 55 63 59 46 16 50 22 42 11 34 43 18 38
7 9 41 27 61 19 49 20 50 30 32 58 38 53 4 39 45 29 5 44 1 37 35 47 11 59 23 63 24 57 16 17 64 2 25 55 34 42 40 31 21 54 6 51 10 46 26 13 36 8 14 28 3 60 48 43 15 52 18 33 62 22 12 56
52 18 3 51 8 57 5 25 47 37 38 22 41 28 26 13 60 16 29 39 31 11 35 45 20 27 4 34 14 40 30 50 49 21 10 1 44 62 58 17 32 64 9 19 33 55 6 43 12 24 56 63 59 7 42 36 53 2 46 54 61 23 48 15
7 57 10 27 20 45 11 19 12 38 39 14 25 9 46 60 64 15 54 32 44 42 5 41 29 43 35 22 30 18 53 4 59 3 63 40 23 13 31 34 28 48 61 17 33 6 49 8 26 2 1 24 52 51 36 50 47 21 62 16 55 58 37 56
38 29 54 45 1 24 4 47 22 42 61 44 33 34 55 37 19 20 30 52 31 41 32 50 21 28 35 56 48 59 51 18 3 7 13 36 12 53 11 63 27 10 64 2 46 9 6 14 25 23 17 60 57 15 8 5 62 58 40 43 16 39 49 26
29 59 43 49 63 52 41 51 26 44 45 55 35 18 24 40 31 6 64 46 27 1 42 56 11 60 20 5 14 23 7 38 36 9 22 28 13 58 16 48 39 2 3 33 54 50 37 21 57 30 32 61 8 53 34 12 25 4 47 15 19 62 17 10
53 57 46 47 15 17 9 55 59 2 64 10 48 54 1 30 38 26 61 42 27 22 28 5 50 21 40 32 52 35 23 8 43 39 13 7 31 58 44 6 20 49 51 24 62 36 25 34 4 11 41 60 63 3 45 33 56 16 37 14 29 18 19 12
35 57 45 40 52 7 39 59 38 28 34 4 48 63 2 49 19 58 60 22 3 11 36 53 10 32 29 8 55 62 23 1 44 27 61 54 43 64 41 20 12 9 56 33 18 25 6 5 16 30 47 37 21 51 24 14 31 13 26 42 46 50 15 17
12 8 35 53 11 51 56 7 58 45 5 61 41 64 22 32 33 10 24 30 16 17 62 59 21 15 37 42 4 43 23 29 27 13 34 49 14 52 38 46 3 6 63 47 39 57 40 31 44 9 60 50 20 36 54 1 25 55 48 19 2 18 26 28
61 21 45 2 48 32 28 42 37 50 19 64 1 36 57 27 55 53 43 22 52 13 5 17 26 20 56 25 35 49 12 34 7 4 31 10 54 46 30 60 23 47 59 6 40 33 38 9 11 62 58 18 8 15 44 24 16 29 3 39 41 51 14 63
33 7 34 30 35 16 59 14 27 2 17 42 18 11 51 36 6 47 53 60 37 62 64 49 10 50 3 43 56 24 45 63 8 52 38 25 5 15 12 9 32 1 55 23 26 46 41 28 61 57 31 21 22 13 29 19 20 39 40 54 48 58 44 4
9 19 3 25 55 34 4 54 12 60 18 38 26 35 48 41 59 42 1 43 13 58 49 2 28 47 61 62 8 15 64 44 46 45 52 32 16 11 21 63 56 6 27 20 14 50 33 10 5 7 31 39 37 24 22 30 36 23 29 17 53 51 57 40
38 58 26 23 22 49 25 44 12 59 51 24 33 1 54 43 60 64 7 63 62 35 31 4 57 8 52 42 5 20 14 10 32 41 15 3 17 40 13 37 28 6 19 61 18 21 56 47 53 50 11 46 30 48 45 9 16 34 39 55 2 36 27 29
35 8 17 3 12 62 11 21 39 57 30 54 18 50 43 58 51 13 2 9 63 60 31 14 7 38 4 36 59 32 47 34 49 42 25 52 37 26 5 10 40 55 53 44 29 1 33 41 46 28 56 6 19 15 20 24 61 16 22 48 45 64 23 27
8 9 15 5 22 17 44 55 60 25 2 42 48 18 4 45 50 24 33 34 39 30 12 47 58 14 1 49 40 51 61 7 20 64 63 19 3 16 41 26 38 56 13 6 57 54 32 10 59 27 46 62 37 52 21 43 36 23 11 29 31 35 28 53
7 9 18 13 61 50 29 31 38 41 34 49 54 56 59 6 26 23 3 51 11 4 64 21 24 46 52 16 14 47 25 48 27 12 63 2 5 37 17 20 40 58 10 32 42 1 44 22 43 57 55 19 8 30 53 15 35 28 33 60 39 45 62 36
23 20 41 34 39 28 18 30 5 7 56 22 24 8 15 29 55 53 35 63 59 33 46 9 11 27 52 50 14 58 1 25 57 13 36 47 62 32 26 40 17 43 3 45 6 38 2 12 19 60 44 16 48 21 31 4 64 54 61 49 37 51 42 10
37 58 46 31 25 6 29 19 24 20 16 47 49 30 44 51 7 27 56 26 13 12 61 32 33 38 18 40 36 43 3 54 64 9 14 57 45 23 59 55 10 60 1 34 22 48 35 8 42 2 62 28 5 39 15 53 11 41 17 21 63 4 52 50
17 43 53 2 63 46 35 20 8 19 14 33 28 27 11 54 3 44 25 34 6 7 48 30 56 47 1 22 62 29 45 40 10 64 37 36 49 15 5 57 39 13 61 51 26 50 21 42 52 38 32 4 55 16 41 60 23 31 59 18 9 58 12 24
61 35 62 39 14 24 51 7 34 25 55 54 21 9 1 63 44 11 42 52 56 17 8 27 20 45 49 53 12 38 33 10 13 26 5 28 22 47 32 64 41 23 3 36 37 50 18 57 58 46 2 60 40 29 16 59 6 48 19 30 43 15 31 4
45 18 14 40 60 50 28 21 5 32 2 51 44 34 55 43 53 38 54 48 41 26 31 7 24 19 17 13 12 1 52 46 29 4 25 15 47 42 10 64 58 9 30 11 8 33 23 27 37 59 3 57 16 63 6 49 35 56 36 61 62 20 39 22
55 46 18 23 49 47 14 28 39 63 11 42 22 1 17 21 7 26 64 45 43 44 36 33 57 53 30 10 16 5 35 31 59 8 29 25 13 19 56 32 9 6 15 2 54 38 3 41 40 52 62 51 24 61 27 48 4 20 58 50 12 60 34 37
58 27 13 17 59 44 19 57 12 20 8 33 54 21 41 37 38 7 18 30 2 42 31 49 26 55 1 23 11 52 60 3 48 36 5 63 45 47 16 22 40 24 32 39 25 53 61 6 28 15 51 56 9 14 62 4 46 64 34 29 43 50 35 10
10 44 23 49 8 34 17 7 16 62 58 21 26 43 32 3 18 4 29 35 15 1 28 13 59 51 2 33 42 48 25 54 20 53 9 47 19 36 52 5 14 38 40 27 55 39 37 12 31 63 41 60 61 11 30 64 56 45 6 22 50 46 24 57
17 52 5 43 24 58 35 34 44 6 42 48 59 40 4 31 26 54 1 57 2 63 37 64 11 39 23 10 55 13 38 50 56 32 53 47 18 60 45 7 41 9 29 14 8 3 15 28 20 33 62 22 21 12 49 30 19 46 61 51 27 36 16 25
30 25 9 5 32 2 10 44 42 23 29 51 6 4 34 17 45 63 56 36 13 26 20 37 41 27 15 16 35 22 59 3 19 58 48 1 50 49 39 43 24 14 55 7 52 53 60 46 38 61 8 54 47 28 18 11 40 64 21 57 12 33 62 31
57 61 43 39 22 63 36 47 3 40 46 62 37 31 35 29 20 56 17 26 28 13 55 64 10 23 11 27 52 24 58 51 25 33 7 44 32 8 45 12 6 2 21 38 14 4 49 50 60 5 1 34 42 19 54 9 16 30 53 15 59 48 41 18
52 47 40 57 56 25 59 38 2 62 16 11 4 29 10 34 21 32 20 31 5 33 26 58 49 7 46 1 15 39 28 36 30 3 48 61 51 22 19 24 43 63 42 53 55 9 44 12 35 27 60 45 23 8 14 6 64 13 17 41 50 54 18 37
46 45 15 6 31 32 2 25 19 52 59 51 20 24 23 41 30 63 13 49 3 48 9 50 58 56 17 53 22 38 54 64 11 18 5 55 62 7 14 37 12 26 27 35 16 61 47 57 40 42 39 44 43 1 28 33 29 36 8 10 34 60 21 4
40 6 55 1 2 63 38 35 50 26 19 51 48 54 11 4 28 17 9 23 7 20 44 58 8 57 29 53 34 39 3 10 59 30 46 41 24 62 60 12 36 61 32 56 5 14 42 49 33 27 13 18 16 52 37 25 15 31 47 45 22 43 21 64
39 58 15 38 17 21 6 53 52 51 27 40 54 35 23 47 10 12 44 33 63 16 57 31 3 50 60 19 13 46 49 24 36 18 8 11 56 7 48 61 2 14 37 20 55 43 59 30 34 41 45 5 4 1 26 62 64 29 9 42 22 28 32 25
54 64 27 46 43 13 56 2 14 39 48 29 32 52 47 58 26 10 6 63 44 51 7 25 8 4 28 50 15 31 42 11 36 34 38 17 40 5 30 1 59 3 37 9 19 53 21 62 33 45 61 16 22 60 20 49 23 57 35 41 24 55 18 12
46 57 6 43 39 7 25 35 37 5 30 10 38 12 1 22 45 62 11 36 41 64 34 44 40 19 50 27 9 26 14 17 51 56 31 60 23 18 53 13 33 21 52 8 20 55 15 2 28 4 32 3 58 63 49 54 24 61 29 47 48 16 42 59
57 40 5 31 35 36 22 54 25 4 51 15 6 10 55 1 32 41 21 23 30 43 12 62 34 60 39 9 50 53 17 14 13 11 64 24 28 61 59 33 46 37 20 18 27 48 7 45 38 26 3 47 56 63 16 8 58 44 52 2 19 42 49 29
24 26 20 35 25 43 40 17 53 48 14 64 52 49 32 44 51 62 4 3 11 34 46 8 42 5 21 27 45 29 57 56 2 18 63 22 15 47 16 41 61 28 19 23 33 12 30 39 31 10 59 6 60 55 54 38 9 36 13 7 1 37 50 58
13 52 39 43 57 64 5 12 27 4 33 8 3 24 31 42 11 2 6 48 54 60 10 14 25 62 9 20 47 44 56 55 41 53 32 34 22 19 30 36 50 26 45 49 38 7 35 63 40 51 46 23 1 17 61 58 16 28 15 18 59 29 21 37
45 15 53 9 55 47 44 41 64 58 57 22 63 32 25 54 27 52 6 2 17 31 34 11 39 61 12 35 49 62 23 50 36 60 4 48 40 21 51 7 10 18 13 30 8 38 19 14 59 28 20 56 1 46 43 24 37 5 33 16 29 3 26 42
34 63 24 30 36 7 43 37 56 20 38 10 42 47 60 48 13 18 26 8 64 40 39 4 15 11 55 62 22 6 59 5 32 33 50 52 3 19 49 14 51 25 61 46 21 23 41 31 27 29 2 44 17 1 57 9 28 54 12 58 53 16 45 35
28 50 35 2 64 25 44 47 29 59 62 27 8 22 61 19 60 58 12 43 48 6 53 57 26 36 63 10 24 37 49 30 54 1 11 52 7 40 14 4 23 21 3 20 55 34 13 31 51 38 9 56 5 45 42 46 32 15 16 18 17 33 39 41
52 15 35 28 8 21 30 47 36 44 64 22 12 58 17 57 49 32 40 20 63 45 29 10 60 56 3 62 16 25 13 33 61 14 18 4 27 43 50 34 46 48 55 41 39 11 2 54 31 19 37 23 38 42 1 26 59 7 6 5 51 24 53 9
33 20 6 56 60 7 38 16 25 29 44 18 54 32 40 51 11 48 5 28 41 57 12 58 63 21 24 46 8 10 4 22 23 62 13 52 39 61 37 19 15 2 26 3 14 53 47 9 31 42 36 64 30 49 27 45 35 34 59 17 55 50 1 43
21 33 61 44 59 56 42 13 49 19 9 14 37 32 64 6 15 5 47 57 58 51 52 18 31 25 46 53 16 27 36 45 11 3 62 54 4 63 38 2 29 23 55 48 7 35 26 40 8 60 39 28 41 22 17 50 10 43 20 30 1 34 24 12
63 26 24 61 51 8 38 41 15 60 2 18 34 36 37 48 49 56 52 30 42 47 62 45 1 22 46 55 16 29 20 13 35 39 3 25 43 21 44 28 57 50 53 58 33 17 7 12 32 5 10 59 4 19 11 54 23 31 9 6 40 27 64 14
8 48 44 63 61 16 50 13 23 24 6 51 43 15 27 53 55 4 38 60 42 45 12 33 14 62 17 31 59 9 54 29 57 1 58 49 35 19 21 40 34 28 7 10 2 5 52 3 11 30 32 47 18 56 26 36 22 46 41 20 37 64 25 39
55 12 2 39 44 8 18 28 64 13 33 21 31 11 48 47 62 14 10 58 24 49 53 43 63 17 34 60 54 23 35 38 45 36 16 4 5 19 27 29 22 32 50 37 56 26 25 20 9 7 6 42 52 1 30 57 3 51 40 46 15 59 41 61
56 14 12 34 7 16 24 2 35 18 28 64 23 48 47 5 37 61 36 43 49 31 26 50 19 57 45 4 21 59 1 40 10 17 42 9 55 30 25 27 32 20 38 29 51 62 15 39 13 8 33 53 60 54 6 52 41 11 22 58 44 46 63 3
30 48 4 19 11 53 44 21 46 20 56 10 42 63 26 22 58 35 18 52 25 33 49 54 15 57 13 55 59 51 27 61 47 17 36 1 5 50 3 8 6 28 40 9 41 38 14 31 12 37 64 16 34 2 23 7 62 45 43 60 24 32 39 29
36 52 32 35 50 28 1 18 34 48 3 14 2 23 60 64 12 24 51 20 4 63 38 15 16 43 44 19 37 25 55 10 5 30 49 41 33 39 42 7 9 59 40 46 58 53 31 29 8 54 6 57 21 62 22 11 17 47 45 56 26 13 27 61
28 39 59 14 19 48 44 18 41 6 46 12 23 4 35 1 16 37 50 63 32 36 52 13 22 27 25 45 51 21 26 34 24 56 30 8 53 61 2 31 17 43 38 15 3 47 9 42 7 62 29 10 49 64 60 40 33 11 58 5 55 57 20 54
13 7 56 35 21 39 9 44 49 51 3 41 40 47 59 17 61 19 42 36 62 30 53 31 57 64 34 25 48 1 10 14 2 15 29 26 54 27 12 23 60 52 24 4 32 8 63 18 28 20 22 16 33 55 45 58 38 6 43 37 46 50 5 11
59 27 34 23 28 20 4 35 63 45 8 55 7 18 62 14 17 10 9 15 42 44 6 38 2 12 29 50 53 56 52 49 47 33 37 25 32 60 41 26 36 43 5 46 61 48 22 16 31 24 11 19 13 1 21 57 58 51 40 64 39 30 3 54
15 47 42 11 39 51 33 7 4 45 38 53 30 46 28 43 58 16 5 40 41 55 13 34 37 9 14 1 56 17 12 63 62 2 24 59 26 48 64 61 20 36 8 32 44 23 35 54 22 49 27 25 50 57 10 6 52 18 29 3 21 60 31 19
30 58 59 39 3 53 44 61 15 33 1 60 5 21 36 50 26 62 16 23 11 8 38 32 49 25 4 51 47 37 54 45 22 2 7 46 57 9 48 13 64 10 20 52 17 55 34 43 63 31 19 28 41 56 24 40 27 18 12 42 6 14 35 29
55 43 22 9 28 36 7 14 31 51 25 33 6 1 45 64 59 62 57 41 15 12 11 49 23 2 20 5 42 40 56 38 60 46 48 29 54 26 52 44 50 58 4 3 34 47 18 27 30 21 13 16 24 61 53 39 19 17 37 32 35 10 8 63
25 27 48 16 61 41 43 56 63 60 7 8 2 57 36 28 15 62 6 19 50 47 64 45 4 33 13 11 39 49 40 20 52 38 5 30 10 23 58 26 59 44 46 18 31 32 34 17 9 54 1 22 51 37 53 35 3 12 21 14 29 24 42 55
44 34 13 17 33 38 57 7 56 59 29 8 50 41 51 14 43 10 9 52 39 28 32 4 24 64 1 26 63 2 48 31 37 20 5 61 12 23 60 36 55 42 46 19 54 11 53 45 18 6 27 16 47 3 22 21 30 40 58 15 62 25 49 35
63 35 9 8 50 31 21 46 20 10 34 59 57 56 19 3 39 23 4 40 28 11 6 62 1 33 32 60 16 41 54 2 22 53 64 61 29 38 52 27 7 26 51 5 15 55 49 36 14 48 12 42 37 47 17 45 30 44 43 25 18 58 13 24
20 42 41 58 13 55 21 18 22 8 17 29 11 44 16 39 51 47 14 63 2 26 54 23 27 50 52 7 61 48 31 25 43 37 62 6 24 3 28 59 12 5 34 35 36 1 10 56 4 64 45 46 15 49 38 60 57 53 32 33 30 9 19 40
26 8 7 22 39 61 43 34 57 30 29 58 1 6 2 49 37 24 59 51 41 36 3 12 53 18 38 31 15 42 16 46 19 47 14 13 27 4 52 35 56 63 28 62 10 55 40 32 11 33 54 5 64 45 25 48 21 17 9 20 50 44 60 23
57 1 12 17 38 44 47 11 48 58 60 42 7 64 50 61 14 9 56 10 29 25 8 24 15 63 59 16 35 37 6 34 40 54 62 30 31 19 2 51 45 49 23 28 18 43 21 33 52 20 22 3 5 26 53 46 4 36 41 13 39 32 27 55
31 38 16 14 23 35 43 2 19 41 33 52 22 63 25 24 37 27 28 3 49 1 45 36 60 62 4 57 17 50 21 20 7 58 30 29 51 13 46 12 47 53 26 55 42 54 8 11 39 34 40 5 6 9 56 61 48 64 44 32 59 10 15 18
45 22 42 55 58 10 56 44 35 30 17 34 9 8 12 31 60 1 2 48 50 39 26 61 64 13 49 41 32 15 46 36 24 7 23 18 11 43 51 63 52 33 3 16 19 4 47 59 40 54 25 27 21 6 57 38 29 53 14 20 28 37 62 5
20 16 62 44 12 7 15 28 64 54 53 40 43 3 22 41 18 10 25 46 4 13 19 48 60 29 38 9 61 1 39 11 58 27 21 59 34 33 32 35 57 30 45 31 5 52 23 36 17 37 49 2 24 56 26 47 42 6 55 14 51 50 8 63
31 3 44 11 30 62 64 16 59 5 25 56 27 55 26 41 23 51 48 47 8 42 24 14 40 58 57 19 7 28 52 60 53 18 2 39 6 1 38 54 21 37 34 46 45 35 36 9 22 13 20 15 33 32 49 50 10 29 61 43 4 12 63 17
44 3 47 54 45 20 12 13 29 60 39 23 52 62 35 40 21 2 51 19 57 16 34 32 7 42 59 26 38 33 31 55 8 14 48 43 36 63 53 30 4 41 27 11 64 46 28 17 49 58 10 22 25 18 5 24 15 37 61 50 6 1 9 56
36 30 38 1 41 43 37 8 47 9 14 7 24 60 52 4 58 55 50 61 23 49 42 6 25 53 28 5 39 19 31 10 12 13 57 45 35 20 33 11 29 51 56 17 26 40 18 59 54 62 46 48 16 15 27 64 63 21 2 44 32 3 34 22
4 28 6 24 31 12 26 15 49 16 50 25 36 32 30 48 11 53 47 7 55 20 58 39 64 44 41 38 2 10 52 19 40 61 27 54 42 59 35 21 23 13 1 63 9 56 43 33 14 5 3 17 45 37 62 8 22 29 34 18 46 57 51 60
44 42 18 47 36 12 17 56 5 46 27 45 48 32 34 57 21 1 37 39 14 24 55 15 49 8 9 6 40 19 33 52 23 20 7 3 2 64 26 35 11 16 31 13 41 30 50 51 25 53 43 38 59 54 4 60 61 29 58 22 62 63 10 28
52 42 15 63 61 60 23 48 49 24 5 57 7 45 37 34 28 9 12 47 13 30 56 59 64 33 29 43 26 46 19 35 36 31 62 32 10 18 1 44 17 40 39 25 27 22 4 11 58 2 6 53 51 3 20 16 8 21 50 14 55 38 54 41
47 5 38 11 27 56 4 63 32 17 33 64 13 23 58 19 39 37 45 8 42 28 15 52 49 62 26 6 9 46 24 60 21 7 53 51 18 1 50 3 10 40 59 57 2 25 34 55 35 30 22 16 12 44 31 54 36 43 29 14 48 20 41 61
1 55 30 47 4 45 44 6 27 5 60 36 17 56 38 37 29 61 16 23 59 11 39 41 48 33 35 28 18 40 8 63 24 32 14 10 9 21 51 34 13 25 12 7 54 62 2 53 20 43 19 50 15 42 22 58 26 46 31 52 57 49 3 64
16 59 52 22 15 8 23 12 43 51 17 33 24 32 49 19 29 1 27 63 34 45 50 57 44 6 10 54 2 58 3 38 13 28 40 61 55 31 62 20 64 30 25 14 48 5 56 60 4 46 41 9 21 42 39 35 47 18 11 36 53 7 26 37
41 40 5 44 24 37 28 26 57 10 47 13 20 9 51 16 30 52 35 63 6 12 42 58 1 21 60 46 18 23 62 4 39 36 38 25 22 29 43 32 61 17 7 31 45 59 15 11 53 8 14 56 19 48 34 54 3 49 55 64 33 27 50 2
12 48 4 61 54 59 55 31 46 30 29 33 49 10 50 63 2 16 26 64 15 14 43 19 34 18 27 38 57 58 13 44 35 42 7 40 62 53 6 28 56 37 39 9 25 20 8 51 41 24 1 45 3 21 32 23 22 5 47 11 52 36 17 60
29 7 34 12 57 53 27 61 35 36 13 24 43 9 48 62 41 11 55 52 2 5 16 18 42 33 17 45 37 50 60 40 59 39 8 14 54 10 6 3 23 51 25 4 46 19 47 21 30 1 31 28 63 15 26 38 56 22 64 49 44 20 58 32
54 4 31 52 62 5 42 18 44 61 53 30 1 50 29 28 16 34 2 17 37 49 41 6 55 12 25 58 7 13 20 21 60 24 14 8 19 43 23 15 48 33 35 39 46 45 59 57 36 38 27 56 64 63 11 10 3 47 32 26 22 40 9 51
